999
192
614
612
228
 95
402
246
529
901
870
965
451
 74
 77
710
305
553
299
999
449
374
724
566
264
506
791
 81
 61
830
247
252
444
859
480
539
261
725
 69
162
596
 35
613
669
112
323
973
665
621
114
995
698
679
259
 72
185
 50
153
880
400
498
325
977
864
520
703
932
682
966
295
968
 79
618
942
743
239
915
856
235
536
494
685
721
544
838
424
238
464
749
497
442
 18
145
546
699
512
993
412
591
611
354
334
850
269
190
 86
882
726
579
568
447
123
407
413
547
645
876
297
142
319
909
160
463
455
858
906
967
851
318
558
671
891
314
940
 82
399
823
807
392
254
101
798
667
647
443
943
585
862
853
744
308
602
231
276
454
549
833
917
221
806
629
984
606
377
868
707
176
535
298
204
151
948
266
459
551
735
  6
 46
922
267
294
428
781
714
388
789
582
964
118
583
196
746
787
137
897
357
287
898
 92
292
944
660
214
212
953
367
639
 54
148
 52
768
841
351
630
469
 80
390
826
177
801
723
912
199
103
173
491
 48
832
704
786
 71
840
219
949
608
754
959
385
597
986
 93
290
163
894
 14
 76
 98
274
201
765
248
 99
470
884
540
404
759
353
333
514
144
293
899
741
364
727
814
653
890
708
761
240
  7
 28
  5
127
475
 11
 16
774
516
289
362
188
401
 83
129
896
205
 20
604
872
985
411
633
226
417
661
670
705
430
720
593
534
109
783
769
970
170
 47
522
548
599
303
958
233
528
375
893
758
681
479
183
 68
 13
677
615
460
945
431
115
626
952
414
569
680
731
117
279
511
562
450
405
321
495
784
565
 38
578
644
194
105
773
275
488
688
168
419
161
957
 17
363
337
106
121
 88
592
732
328
785
836
487
372
956
925
869
474
171
432
339
782
794
675
888
243
796
257
 78
848
617
406
191
825
655
 73
713
 84
187
255
635
 37
311
924
656
108
992
760
609
373
394
 63
921
573
 26
805
286
889
473
931
180
505
343
332
 15
598
812
903
519
545
476
762
236
383
327
772
563
831
366
 65
709
619
951
126
676
938
483
 56
834
818
156
996
457
380
 21
349
860
919
198
468
232
776
715
650
304
623
300
 70
296
854
788
499
865
935
387
 24
229
584
492
461
361
175
843
778
702
317
425
193
358
 75
819
905
102
277
755
489
120
 27
 85
344
792
797
663
365
356
324
150
963
684
753
251
423
278
149
937
941
418
601
306
393
712
542
272
839
159
378
262
 60
164
124
441
152
273
 90
690
648
691
920
530
770
139
683
285
846
969
322
288
122
595
350
211
808
329
478
 51
748
359
113
 33
130
136
420
369
659
946
722
 29
  3
326
307
456
847
927
134
538
874
824
918
989
342
507
816
271
347
110
857
678
734
217
379
 42
745
302
815
197
 41
697
550
555
381
440
835
270
640
742
729
879
200
625
352
508
 66
446
281
668
936
515
510
638
738
576
622
 97
736
395
513
 23
485
 62
657
861
 39
716
587
537
100
883
541
179
391
429
664
249
439
410
 53
227
643
981
616
119
810
751
250
764
779
881
386
178
433
658
157
982
320
167
757
493
220
398
543
777
436
 31
557
172
928
 57
923
 10
408
315
750
490
837
687
863
916
845
426
 96
241
316
504
674
983
961
331
662
955
571
867
590
409
422
165
849
  2
467
397
980
452
711
756
503
104
975
954
340
767
143
 19
939
 43
486
147
821
 67
533
268
795
813
752
607
 94
910
  8
829
575
632
817
673
518
258
560
138
 34
718
355
914
403
  4
421
207
586
911
790
844
202
309
799
230
974
700
 44
523
234
107
415
997
218
620
878
154
346
641
521
141
976
195
206
686
524
237
338
 36
654
852
 55
125
210
330
589
 59
728
496
360
224
580
481
637
895
766
947
564
140
531
155
793
962
561
828
 30
802
866
216
960
 25
253
978
581
437
842
892
186
988
184
908
695
934
416
672
453
282
694
887
 49
341
624
260
610
646
215
559
280
822
809
263
572
775
209
689
929
484
950
642
971
502
368
182
477
376
907
740
588
116
979
525
696
181
445
471
717
482
 64
628
877
370
636
987
733
605
435
627
438
396
886
827
706
574
335
189
208
223
 40
719
 12
998
666
465
448
600
310
458
213
803
336
501
 87
570
926
283
384
256
382
427
747
552
265
225
556
244
  1
146
634
111
603
902
345
730
169
771
651
301
577
312
284
701
873
737
245
 91
904
811
527
371
532
291
133
222
462
875
472
389
158
 22
500
871
174
900
991
763
990
203
972
466
131
554
242
348
567
 58
594
509
692
994
313
166
855
820
 32
 89
913
933
780
693
800
128
135
526
930
885
517
739
649
  9
132
652
 45
804
434
631
