300
192
614
612
228
 95
402
246
529
901
870
965
451
 74
 77
710
305
553
299
999
449
374
724
566
264
506
791
 81
 61
830
247
252
444
859
480
539
261
725
 69
162
596
 35
613
669
112
323
973
665
621
114
995
698
679
259
 72
185
 50
153
880
400
498
325
977
864
520
703
932
682
966
295
968
 79
618
942
743
239
915
856
235
536
494
685
721
544
838
424
238
464
749
497
442
 18
145
546
699
512
993
412
591
611
354
334
850
269
190
 86
882
726
579
568
447
123
407
413
547
645
876
297
142
319
909
160
463
455
858
906
967
851
318
558
671
891
314
940
 82
399
823
807
392
254
101
798
667
647
443
943
585
862
853
744
308
602
231
276
454
549
833
917
221
806
629
984
606
377
868
707
176
535
298
204
151
948
266
459
551
735
  6
 46
922
267
294
428
781
714
388
789
582
964
118
583
196
746
787
137
897
357
287
898
 92
292
944
660
214
212
953
367
639
 54
148
 52
768
841
351
630
469
 80
390
826
177
801
723
912
199
103
173
491
 48
832
704
786
 71
840
219
949
608
754
959
385
597
986
 93
290
163
894
 14
 76
 98
274
201
765
248
 99
470
884
540
404
759
353
333
514
144
293
899
741
364
727
814
653
890
708
761
240
  7
 28
  5
127
475
 11
 16
774
516
289
362
188
401
 83
129
896
205
 20
604
872
985
411
633
226
417
661
670
705
430
